{
 "cells": [
  {
   "cell_type": "markdown",
   "metadata": {
    "deletable": true,
    "editable": true
   },
   "source": [
    "# 3. Unsupervised Learning - Markov Modelling\n",
    "Author: Philip Kalinda"
   ]
  },
  {
   "cell_type": "markdown",
   "metadata": {
    "deletable": true,
    "editable": true
   },
   "source": [
    "## 3.1 Intro"
   ]
  },
  {
   "cell_type": "markdown",
   "metadata": {
    "deletable": true,
    "editable": true
   },
   "source": [
    "Markov Modelling explores sequences of states in order to predict the next event given a number of events in the past.\n",
    "\n",
    "Here we will explore 1st order markov models looking at the state of orders and the sequence of states of properties of these orders within the data provied."
   ]
  },
  {
   "cell_type": "code",
   "execution_count": 1,
   "metadata": {
    "collapsed": false,
    "deletable": true,
    "editable": true
   },
   "outputs": [],
   "source": [
    "# standards\n",
    "import numpy as np\n",
    "import pandas as pd\n",
    "\n",
    "# visualisations\n",
    "import matplotlib.pyplot as plt\n",
    "import seaborn as sns\n",
    "sns.set_style('whitegrid')\n",
    "shopColors = ['#EC5D24','#93134A','#F7F5E8','#2B2C30','#336E7B','#F2931A']*2\n",
    "from matplotlib.colors import LinearSegmentedColormap\n",
    "cm = LinearSegmentedColormap.from_list('sains', shopColors, N=len(shopColors))\n",
    "sns.set_palette(shopColors)\n",
    "\n",
    "# settings\n",
    "%matplotlib inline\n",
    "pd.options.mode.chained_assignment = None\n",
    "pd.set_option('display.max_columns', 1000)\n",
    "pd.set_option('display.max_rows', 60)\n",
    "pd.set_option('display.latex.repr', True)"
   ]
  },
  {
   "cell_type": "code",
   "execution_count": 2,
   "metadata": {
    "collapsed": true,
    "deletable": true,
    "editable": true
   },
   "outputs": [],
   "source": [
    "# read in data\n",
    "markovBase = pd.read_csv('datasets/markovBase.csv', index_col = 0)"
   ]
  },
  {
   "cell_type": "markdown",
   "metadata": {
    "deletable": true,
    "editable": true
   },
   "source": [
    "## 3.2 Weekday Markov Model"
   ]
  },
  {
   "cell_type": "markdown",
   "metadata": {
    "deletable": true,
    "editable": true
   },
   "source": [
    "### 3.2.1 Models"
   ]
  },
  {
   "cell_type": "markdown",
   "metadata": {
    "deletable": true,
    "editable": true
   },
   "source": [
    " Here we explore the day of the week orders are placed and look at what day the next order is likely to follow based on the data provided.\n",
    " \n",
    " It is important to note that 1st order markov models assume that the next order is dependent only on the last event regardless of all the other previous orders. This assumption seems plausible as one would assume that the next time a customer would look to go shopping is dependent on the last time they shopped and how much food they have left from their previous shop"
   ]
  },
  {
   "cell_type": "code",
   "execution_count": 3,
   "metadata": {
    "collapsed": true,
    "deletable": true,
    "editable": true
   },
   "outputs": [],
   "source": [
    "# list of days with indicies matching the weekdayInteger Feature\n",
    "days = ['Sunday','Monday','Tuesday','Wednesday','Thursday','Friday','Saturday','END']"
   ]
  },
  {
   "cell_type": "markdown",
   "metadata": {
    "deletable": true,
    "editable": true
   },
   "source": [
    "Here we have a the number of times an order has moved from one state(left) to another(top).\n",
    "\n",
    "We append another row for the last order. The last order in a sequence is the end of the sequence and cannot move to another state."
   ]
  },
  {
   "cell_type": "code",
   "execution_count": 4,
   "metadata": {
    "collapsed": false,
    "deletable": true,
    "editable": true,
    "scrolled": true
   },
   "outputs": [
    {
     "data": {
      "text/html": [
       "<div>\n",
       "<table border=\"1\" class=\"dataframe\">\n",
       "  <thead>\n",
       "    <tr style=\"text-align: right;\">\n",
       "      <th>nextOrderWeekdayInteger</th>\n",
       "      <th>0</th>\n",
       "      <th>1</th>\n",
       "      <th>2</th>\n",
       "      <th>3</th>\n",
       "      <th>4</th>\n",
       "      <th>5</th>\n",
       "      <th>6</th>\n",
       "      <th>END</th>\n",
       "    </tr>\n",
       "  </thead>\n",
       "  <tbody>\n",
       "    <tr>\n",
       "      <th>0</th>\n",
       "      <td>78.0</td>\n",
       "      <td>298.0</td>\n",
       "      <td>188.0</td>\n",
       "      <td>152.0</td>\n",
       "      <td>122.0</td>\n",
       "      <td>84.0</td>\n",
       "      <td>84.0</td>\n",
       "      <td>148.0</td>\n",
       "    </tr>\n",
       "    <tr>\n",
       "      <th>1</th>\n",
       "      <td>53.0</td>\n",
       "      <td>111.0</td>\n",
       "      <td>409.0</td>\n",
       "      <td>228.0</td>\n",
       "      <td>221.0</td>\n",
       "      <td>211.0</td>\n",
       "      <td>118.0</td>\n",
       "      <td>228.0</td>\n",
       "    </tr>\n",
       "    <tr>\n",
       "      <th>2</th>\n",
       "      <td>66.0</td>\n",
       "      <td>109.0</td>\n",
       "      <td>100.0</td>\n",
       "      <td>398.0</td>\n",
       "      <td>315.0</td>\n",
       "      <td>248.0</td>\n",
       "      <td>182.0</td>\n",
       "      <td>69.0</td>\n",
       "    </tr>\n",
       "    <tr>\n",
       "      <th>3</th>\n",
       "      <td>118.0</td>\n",
       "      <td>135.0</td>\n",
       "      <td>98.0</td>\n",
       "      <td>104.0</td>\n",
       "      <td>426.0</td>\n",
       "      <td>322.0</td>\n",
       "      <td>237.0</td>\n",
       "      <td>88.0</td>\n",
       "    </tr>\n",
       "    <tr>\n",
       "      <th>4</th>\n",
       "      <td>169.0</td>\n",
       "      <td>187.0</td>\n",
       "      <td>157.0</td>\n",
       "      <td>106.0</td>\n",
       "      <td>229.0</td>\n",
       "      <td>513.0</td>\n",
       "      <td>288.0</td>\n",
       "      <td>110.0</td>\n",
       "    </tr>\n",
       "    <tr>\n",
       "      <th>5</th>\n",
       "      <td>261.0</td>\n",
       "      <td>305.0</td>\n",
       "      <td>212.0</td>\n",
       "      <td>154.0</td>\n",
       "      <td>130.0</td>\n",
       "      <td>196.0</td>\n",
       "      <td>463.0</td>\n",
       "      <td>167.0</td>\n",
       "    </tr>\n",
       "    <tr>\n",
       "      <th>6</th>\n",
       "      <td>340.0</td>\n",
       "      <td>346.0</td>\n",
       "      <td>251.0</td>\n",
       "      <td>161.0</td>\n",
       "      <td>118.0</td>\n",
       "      <td>129.0</td>\n",
       "      <td>225.0</td>\n",
       "      <td>190.0</td>\n",
       "    </tr>\n",
       "    <tr>\n",
       "      <th>7</th>\n",
       "      <td>0.0</td>\n",
       "      <td>0.0</td>\n",
       "      <td>0.0</td>\n",
       "      <td>0.0</td>\n",
       "      <td>0.0</td>\n",
       "      <td>0.0</td>\n",
       "      <td>0.0</td>\n",
       "      <td>1.0</td>\n",
       "    </tr>\n",
       "  </tbody>\n",
       "</table>\n",
       "</div>"
      ],
      "text/latex": [
       "\\begin{tabular}{lrrrrrrrr}\n",
       "\\toprule\n",
       "nextOrderWeekdayInteger &      0 &      1 &      2 &      3 &      4 &      5 &      6 &    END \\\\\n",
       "\\midrule\n",
       "0 &   78.0 &  298.0 &  188.0 &  152.0 &  122.0 &   84.0 &   84.0 &  148.0 \\\\\n",
       "1 &   53.0 &  111.0 &  409.0 &  228.0 &  221.0 &  211.0 &  118.0 &  228.0 \\\\\n",
       "2 &   66.0 &  109.0 &  100.0 &  398.0 &  315.0 &  248.0 &  182.0 &   69.0 \\\\\n",
       "3 &  118.0 &  135.0 &   98.0 &  104.0 &  426.0 &  322.0 &  237.0 &   88.0 \\\\\n",
       "4 &  169.0 &  187.0 &  157.0 &  106.0 &  229.0 &  513.0 &  288.0 &  110.0 \\\\\n",
       "5 &  261.0 &  305.0 &  212.0 &  154.0 &  130.0 &  196.0 &  463.0 &  167.0 \\\\\n",
       "6 &  340.0 &  346.0 &  251.0 &  161.0 &  118.0 &  129.0 &  225.0 &  190.0 \\\\\n",
       "7 &    0.0 &    0.0 &    0.0 &    0.0 &    0.0 &    0.0 &    0.0 &    1.0 \\\\\n",
       "\\bottomrule\n",
       "\\end{tabular}\n"
      ],
      "text/plain": [
       "nextOrderWeekdayInteger      0      1      2      3      4      5      6  \\\n",
       "0                         78.0  298.0  188.0  152.0  122.0   84.0   84.0   \n",
       "1                         53.0  111.0  409.0  228.0  221.0  211.0  118.0   \n",
       "2                         66.0  109.0  100.0  398.0  315.0  248.0  182.0   \n",
       "3                        118.0  135.0   98.0  104.0  426.0  322.0  237.0   \n",
       "4                        169.0  187.0  157.0  106.0  229.0  513.0  288.0   \n",
       "5                        261.0  305.0  212.0  154.0  130.0  196.0  463.0   \n",
       "6                        340.0  346.0  251.0  161.0  118.0  129.0  225.0   \n",
       "7                          0.0    0.0    0.0    0.0    0.0    0.0    0.0   \n",
       "\n",
       "nextOrderWeekdayInteger    END  \n",
       "0                        148.0  \n",
       "1                        228.0  \n",
       "2                         69.0  \n",
       "3                         88.0  \n",
       "4                        110.0  \n",
       "5                        167.0  \n",
       "6                        190.0  \n",
       "7                          1.0  "
      ]
     },
     "execution_count": 4,
     "metadata": {},
     "output_type": "execute_result"
    }
   ],
   "source": [
    "weekdayTransitions = markovBase.pivot_table(\n",
    "    index='weekdayInteger',\n",
    "    columns='nextOrderWeekdayInteger',\n",
    "    aggfunc=len)['customerID'].astype(np.float32)\n",
    "weekdayTransitions = weekdayTransitions.append(\n",
    "    {'0':0,'1':0,'2':0,'3':0,'4':0,'5':0,'6':0,'END':1},\n",
    "    ignore_index=True)\n",
    "weekdayTransitions"
   ]
  },
  {
   "cell_type": "markdown",
   "metadata": {
    "deletable": true,
    "editable": true
   },
   "source": [
    "Here we normalise the values across each state in order to derive probabilities. We also rename the indicies and columns to the name of the day so its easier to see which state we are looking at."
   ]
  },
  {
   "cell_type": "code",
   "execution_count": 5,
   "metadata": {
    "collapsed": false,
    "deletable": true,
    "editable": true
   },
   "outputs": [],
   "source": [
    "for rownum in range(weekdayTransitions.shape[0]):\n",
    "    rowsum = weekdayTransitions.iloc[rownum,:].sum()\n",
    "    for colnum in range(weekdayTransitions.shape[1]):\n",
    "        weekdayTransitions.iloc[rownum,colnum]=weekdayTransitions.iloc[rownum,colnum]/rowsum\n",
    "weekdayTransitions.set_index([days], inplace=True)\n",
    "weekdayTransitions.rename(columns={str(k):v for k,v in enumerate(days)},inplace=True)"
   ]
  },
  {
   "cell_type": "code",
   "execution_count": 6,
   "metadata": {
    "collapsed": false,
    "deletable": true,
    "editable": true
   },
   "outputs": [
    {
     "data": {
      "text/html": [
       "<div>\n",
       "<table border=\"1\" class=\"dataframe\">\n",
       "  <thead>\n",
       "    <tr style=\"text-align: right;\">\n",
       "      <th>nextOrderWeekdayInteger</th>\n",
       "      <th>Sunday</th>\n",
       "      <th>Monday</th>\n",
       "      <th>Tuesday</th>\n",
       "      <th>Wednesday</th>\n",
       "      <th>Thursday</th>\n",
       "      <th>Friday</th>\n",
       "      <th>Saturday</th>\n",
       "      <th>END</th>\n",
       "    </tr>\n",
       "  </thead>\n",
       "  <tbody>\n",
       "    <tr>\n",
       "      <th>Sunday</th>\n",
       "      <td>0.067591</td>\n",
       "      <td>0.258232</td>\n",
       "      <td>0.162912</td>\n",
       "      <td>0.131716</td>\n",
       "      <td>0.105719</td>\n",
       "      <td>0.072790</td>\n",
       "      <td>0.072790</td>\n",
       "      <td>0.128250</td>\n",
       "    </tr>\n",
       "    <tr>\n",
       "      <th>Monday</th>\n",
       "      <td>0.033566</td>\n",
       "      <td>0.070298</td>\n",
       "      <td>0.259025</td>\n",
       "      <td>0.144395</td>\n",
       "      <td>0.139962</td>\n",
       "      <td>0.133629</td>\n",
       "      <td>0.074731</td>\n",
       "      <td>0.144395</td>\n",
       "    </tr>\n",
       "    <tr>\n",
       "      <th>Tuesday</th>\n",
       "      <td>0.044385</td>\n",
       "      <td>0.073302</td>\n",
       "      <td>0.067249</td>\n",
       "      <td>0.267653</td>\n",
       "      <td>0.211836</td>\n",
       "      <td>0.166779</td>\n",
       "      <td>0.122394</td>\n",
       "      <td>0.046402</td>\n",
       "    </tr>\n",
       "    <tr>\n",
       "      <th>Wednesday</th>\n",
       "      <td>0.077225</td>\n",
       "      <td>0.088351</td>\n",
       "      <td>0.064136</td>\n",
       "      <td>0.068063</td>\n",
       "      <td>0.278796</td>\n",
       "      <td>0.210733</td>\n",
       "      <td>0.155105</td>\n",
       "      <td>0.057592</td>\n",
       "    </tr>\n",
       "    <tr>\n",
       "      <th>Thursday</th>\n",
       "      <td>0.096077</td>\n",
       "      <td>0.106310</td>\n",
       "      <td>0.089255</td>\n",
       "      <td>0.060262</td>\n",
       "      <td>0.130188</td>\n",
       "      <td>0.291643</td>\n",
       "      <td>0.163729</td>\n",
       "      <td>0.062536</td>\n",
       "    </tr>\n",
       "    <tr>\n",
       "      <th>Friday</th>\n",
       "      <td>0.138242</td>\n",
       "      <td>0.161547</td>\n",
       "      <td>0.112288</td>\n",
       "      <td>0.081568</td>\n",
       "      <td>0.068856</td>\n",
       "      <td>0.103814</td>\n",
       "      <td>0.245233</td>\n",
       "      <td>0.088453</td>\n",
       "    </tr>\n",
       "    <tr>\n",
       "      <th>Saturday</th>\n",
       "      <td>0.193182</td>\n",
       "      <td>0.196591</td>\n",
       "      <td>0.142614</td>\n",
       "      <td>0.091477</td>\n",
       "      <td>0.067045</td>\n",
       "      <td>0.073295</td>\n",
       "      <td>0.127841</td>\n",
       "      <td>0.107955</td>\n",
       "    </tr>\n",
       "    <tr>\n",
       "      <th>END</th>\n",
       "      <td>0.000000</td>\n",
       "      <td>0.000000</td>\n",
       "      <td>0.000000</td>\n",
       "      <td>0.000000</td>\n",
       "      <td>0.000000</td>\n",
       "      <td>0.000000</td>\n",
       "      <td>0.000000</td>\n",
       "      <td>1.000000</td>\n",
       "    </tr>\n",
       "  </tbody>\n",
       "</table>\n",
       "</div>"
      ],
      "text/latex": [
       "\\begin{tabular}{lrrrrrrrr}\n",
       "\\toprule\n",
       "nextOrderWeekdayInteger &    Sunday &    Monday &   Tuesday &  Wednesday &  Thursday &    Friday &  Saturday &       END \\\\\n",
       "\\midrule\n",
       "Sunday    &  0.067591 &  0.258232 &  0.162912 &   0.131716 &  0.105719 &  0.072790 &  0.072790 &  0.128250 \\\\\n",
       "Monday    &  0.033566 &  0.070298 &  0.259025 &   0.144395 &  0.139962 &  0.133629 &  0.074731 &  0.144395 \\\\\n",
       "Tuesday   &  0.044385 &  0.073302 &  0.067249 &   0.267653 &  0.211836 &  0.166779 &  0.122394 &  0.046402 \\\\\n",
       "Wednesday &  0.077225 &  0.088351 &  0.064136 &   0.068063 &  0.278796 &  0.210733 &  0.155105 &  0.057592 \\\\\n",
       "Thursday  &  0.096077 &  0.106310 &  0.089255 &   0.060262 &  0.130188 &  0.291643 &  0.163729 &  0.062536 \\\\\n",
       "Friday    &  0.138242 &  0.161547 &  0.112288 &   0.081568 &  0.068856 &  0.103814 &  0.245233 &  0.088453 \\\\\n",
       "Saturday  &  0.193182 &  0.196591 &  0.142614 &   0.091477 &  0.067045 &  0.073295 &  0.127841 &  0.107955 \\\\\n",
       "END       &  0.000000 &  0.000000 &  0.000000 &   0.000000 &  0.000000 &  0.000000 &  0.000000 &  1.000000 \\\\\n",
       "\\bottomrule\n",
       "\\end{tabular}\n"
      ],
      "text/plain": [
       "nextOrderWeekdayInteger    Sunday    Monday   Tuesday  Wednesday  Thursday  \\\n",
       "Sunday                   0.067591  0.258232  0.162912   0.131716  0.105719   \n",
       "Monday                   0.033566  0.070298  0.259025   0.144395  0.139962   \n",
       "Tuesday                  0.044385  0.073302  0.067249   0.267653  0.211836   \n",
       "Wednesday                0.077225  0.088351  0.064136   0.068063  0.278796   \n",
       "Thursday                 0.096077  0.106310  0.089255   0.060262  0.130188   \n",
       "Friday                   0.138242  0.161547  0.112288   0.081568  0.068856   \n",
       "Saturday                 0.193182  0.196591  0.142614   0.091477  0.067045   \n",
       "END                      0.000000  0.000000  0.000000   0.000000  0.000000   \n",
       "\n",
       "nextOrderWeekdayInteger    Friday  Saturday       END  \n",
       "Sunday                   0.072790  0.072790  0.128250  \n",
       "Monday                   0.133629  0.074731  0.144395  \n",
       "Tuesday                  0.166779  0.122394  0.046402  \n",
       "Wednesday                0.210733  0.155105  0.057592  \n",
       "Thursday                 0.291643  0.163729  0.062536  \n",
       "Friday                   0.103814  0.245233  0.088453  \n",
       "Saturday                 0.073295  0.127841  0.107955  \n",
       "END                      0.000000  0.000000  1.000000  "
      ]
     },
     "execution_count": 6,
     "metadata": {},
     "output_type": "execute_result"
    }
   ],
   "source": [
    "weekdayTransitions"
   ]
  },
  {
   "cell_type": "code",
   "execution_count": 7,
   "metadata": {
    "collapsed": false,
    "deletable": true,
    "editable": true
   },
   "outputs": [
    {
     "data": {
      "text/html": [
       "<div>\n",
       "<table border=\"1\" class=\"dataframe\">\n",
       "  <thead>\n",
       "    <tr style=\"text-align: right;\">\n",
       "      <th>nextOrderWeekdayInteger</th>\n",
       "      <th>Sunday</th>\n",
       "      <th>Monday</th>\n",
       "      <th>Tuesday</th>\n",
       "      <th>Wednesday</th>\n",
       "      <th>Thursday</th>\n",
       "      <th>Friday</th>\n",
       "      <th>Saturday</th>\n",
       "      <th>END</th>\n",
       "    </tr>\n",
       "  </thead>\n",
       "  <tbody>\n",
       "    <tr>\n",
       "      <th>Sunday</th>\n",
       "      <td>0.067591</td>\n",
       "      <td>0.258232</td>\n",
       "      <td>0.162912</td>\n",
       "      <td>0.131716</td>\n",
       "      <td>0.105719</td>\n",
       "      <td>0.072790</td>\n",
       "      <td>0.072790</td>\n",
       "      <td>0.128250</td>\n",
       "    </tr>\n",
       "    <tr>\n",
       "      <th>Monday</th>\n",
       "      <td>0.033566</td>\n",
       "      <td>0.070298</td>\n",
       "      <td>0.259025</td>\n",
       "      <td>0.144395</td>\n",
       "      <td>0.139962</td>\n",
       "      <td>0.133629</td>\n",
       "      <td>0.074731</td>\n",
       "      <td>0.144395</td>\n",
       "    </tr>\n",
       "    <tr>\n",
       "      <th>Tuesday</th>\n",
       "      <td>0.044385</td>\n",
       "      <td>0.073302</td>\n",
       "      <td>0.067249</td>\n",
       "      <td>0.267653</td>\n",
       "      <td>0.211836</td>\n",
       "      <td>0.166779</td>\n",
       "      <td>0.122394</td>\n",
       "      <td>0.046402</td>\n",
       "    </tr>\n",
       "    <tr>\n",
       "      <th>Wednesday</th>\n",
       "      <td>0.077225</td>\n",
       "      <td>0.088351</td>\n",
       "      <td>0.064136</td>\n",
       "      <td>0.068063</td>\n",
       "      <td>0.278796</td>\n",
       "      <td>0.210733</td>\n",
       "      <td>0.155105</td>\n",
       "      <td>0.057592</td>\n",
       "    </tr>\n",
       "    <tr>\n",
       "      <th>Thursday</th>\n",
       "      <td>0.096077</td>\n",
       "      <td>0.106310</td>\n",
       "      <td>0.089255</td>\n",
       "      <td>0.060262</td>\n",
       "      <td>0.130188</td>\n",
       "      <td>0.291643</td>\n",
       "      <td>0.163729</td>\n",
       "      <td>0.062536</td>\n",
       "    </tr>\n",
       "    <tr>\n",
       "      <th>Friday</th>\n",
       "      <td>0.138242</td>\n",
       "      <td>0.161547</td>\n",
       "      <td>0.112288</td>\n",
       "      <td>0.081568</td>\n",
       "      <td>0.068856</td>\n",
       "      <td>0.103814</td>\n",
       "      <td>0.245233</td>\n",
       "      <td>0.088453</td>\n",
       "    </tr>\n",
       "    <tr>\n",
       "      <th>Saturday</th>\n",
       "      <td>0.193182</td>\n",
       "      <td>0.196591</td>\n",
       "      <td>0.142614</td>\n",
       "      <td>0.091477</td>\n",
       "      <td>0.067045</td>\n",
       "      <td>0.073295</td>\n",
       "      <td>0.127841</td>\n",
       "      <td>0.107955</td>\n",
       "    </tr>\n",
       "    <tr>\n",
       "      <th>END</th>\n",
       "      <td>0.000000</td>\n",
       "      <td>0.000000</td>\n",
       "      <td>0.000000</td>\n",
       "      <td>0.000000</td>\n",
       "      <td>0.000000</td>\n",
       "      <td>0.000000</td>\n",
       "      <td>0.000000</td>\n",
       "      <td>1.000000</td>\n",
       "    </tr>\n",
       "  </tbody>\n",
       "</table>\n",
       "</div>"
      ],
      "text/latex": [
       "\\begin{tabular}{lrrrrrrrr}\n",
       "\\toprule\n",
       "nextOrderWeekdayInteger &    Sunday &    Monday &   Tuesday &  Wednesday &  Thursday &    Friday &  Saturday &       END \\\\\n",
       "\\midrule\n",
       "Sunday    &  0.067591 &  0.258232 &  0.162912 &   0.131716 &  0.105719 &  0.072790 &  0.072790 &  0.128250 \\\\\n",
       "Monday    &  0.033566 &  0.070298 &  0.259025 &   0.144395 &  0.139962 &  0.133629 &  0.074731 &  0.144395 \\\\\n",
       "Tuesday   &  0.044385 &  0.073302 &  0.067249 &   0.267653 &  0.211836 &  0.166779 &  0.122394 &  0.046402 \\\\\n",
       "Wednesday &  0.077225 &  0.088351 &  0.064136 &   0.068063 &  0.278796 &  0.210733 &  0.155105 &  0.057592 \\\\\n",
       "Thursday  &  0.096077 &  0.106310 &  0.089255 &   0.060262 &  0.130188 &  0.291643 &  0.163729 &  0.062536 \\\\\n",
       "Friday    &  0.138242 &  0.161547 &  0.112288 &   0.081568 &  0.068856 &  0.103814 &  0.245233 &  0.088453 \\\\\n",
       "Saturday  &  0.193182 &  0.196591 &  0.142614 &   0.091477 &  0.067045 &  0.073295 &  0.127841 &  0.107955 \\\\\n",
       "END       &  0.000000 &  0.000000 &  0.000000 &   0.000000 &  0.000000 &  0.000000 &  0.000000 &  1.000000 \\\\\n",
       "\\bottomrule\n",
       "\\end{tabular}\n"
      ],
      "text/plain": [
       "nextOrderWeekdayInteger    Sunday    Monday   Tuesday  Wednesday  Thursday  \\\n",
       "Sunday                   0.067591  0.258232  0.162912   0.131716  0.105719   \n",
       "Monday                   0.033566  0.070298  0.259025   0.144395  0.139962   \n",
       "Tuesday                  0.044385  0.073302  0.067249   0.267653  0.211836   \n",
       "Wednesday                0.077225  0.088351  0.064136   0.068063  0.278796   \n",
       "Thursday                 0.096077  0.106310  0.089255   0.060262  0.130188   \n",
       "Friday                   0.138242  0.161547  0.112288   0.081568  0.068856   \n",
       "Saturday                 0.193182  0.196591  0.142614   0.091477  0.067045   \n",
       "END                      0.000000  0.000000  0.000000   0.000000  0.000000   \n",
       "\n",
       "nextOrderWeekdayInteger    Friday  Saturday       END  \n",
       "Sunday                   0.072790  0.072790  0.128250  \n",
       "Monday                   0.133629  0.074731  0.144395  \n",
       "Tuesday                  0.166779  0.122394  0.046402  \n",
       "Wednesday                0.210733  0.155105  0.057592  \n",
       "Thursday                 0.291643  0.163729  0.062536  \n",
       "Friday                   0.103814  0.245233  0.088453  \n",
       "Saturday                 0.073295  0.127841  0.107955  \n",
       "END                      0.000000  0.000000  1.000000  "
      ]
     },
     "execution_count": 7,
     "metadata": {},
     "output_type": "execute_result"
    }
   ],
   "source": [
    "weekdayTransitions"
   ]
  },
  {
   "cell_type": "markdown",
   "metadata": {
    "deletable": true,
    "editable": true
   },
   "source": [
    "### 3.2.2 Markov Visualisations"
   ]
  },
  {
   "cell_type": "markdown",
   "metadata": {
    "deletable": true,
    "editable": true
   },
   "source": [
    "Here we visualise the markov model above in order to better interpret the data.\n",
    "\n",
    "We can see from the visualizations that the highest probability for each of the states is the following day, the next highest probability is the day after the following day and this tails off. This stays true until sunday where we see that the pobabilty is higher on monday than sunday. This can be due to a number of things. People may not want to shop on sunday or this could be due to closing hours usually being earlier, therefore less orders are taken."
   ]
  },
  {
   "cell_type": "code",
   "execution_count": 8,
   "metadata": {
    "collapsed": false,
    "deletable": true,
    "editable": true
   },
   "outputs": [
    {
     "data": {
